0 32 52790 34 5585
1 6 6634 6 422
2 0 0 0 0
3 3 289 3 1792
4 9 838 12 4940
5 7 3421 8 1650
6 67 118060 69 12476
7 42 19456 42 11472
8 31 72193 31 4243
9 28 54154 48 35545
10 7 752 2 104
11 7 8229 7 546
12 26 53678 26 1487
13 4 428 4 243
14 1 52 1 52
15 0 0 0 0
16 1 106 1 52
17 2 207 2 104
18 0 0 0 0
19 4 325 4 278
20 1 98 1 52
21 9 959 11 4873
22 5 452 4 208
23 0 0 0 0
24 9 717 9 5679
25 5 304 5 568
26 2 351 2 104
27 18 1410 31 33457
28 3 203 3 1201
29 2 278 2 104
30 32 2092 66 84100
31 3 335 2 104
32 2 104 2 512
33 17 1340 52 66175
34 5 647 5 686
35 2 104 2 890
36 13 1356 14 5763
37 7 1212 7 1715
38 5 501 5 513
39 13 1527 19 19933
40 0 0 0 0
41 12 1092 14 5037
42 2 156 1 52
43 1 98 1 52
44 11 884 18 19486
45 1 100 1 52
46 4 307 4 278
47 11 830 14 11556
48 1 242 1 52
49 4 375 4 954
50 17 2127 25 20288
51 4 306 4 278
52 6 454 6 312
53 4 366 5 4000
54 2 202 2 104
55 0 0 0 0
56 14 956 18 14605
57 3 388 2 104
58 0 0 0 0
59 7 407 10 10928
60 2 277 2 104
61 3 286 5 330
62 8 598 7 3241
63 8 866 9 4713
64 1 99 1 52
65 2 200 2 104
66 1 99 1 52
67 9 1439 10 1904
68 8 708 9 5232
69 5 484 5 815
70 19 17221 22 8979
71 32 7965 47 51363
72 8 1850 14 4503
73 10 4748 9 4053
74 41 13359 114 145389
75 4 556 5 778
76 2 150 2 139
77 19 1023 47 64961
78 5 576 4 741
79 3 224 3 1076
80 7 605 14 15333
81 1 253 1 52
82 5 4197 6 3047
83 37 7769 76 101367
84 7 1140 8 1860
85 0 0 0 0
86 3 156 4 3992
87 1 193 1 52
88 0 0 0 0
89 7 409 7 7755
90 6 590 7 3442
91 3 886 2 139
92 22 1214 68 94405
93 2 294 2 104
94 0 0 0 0
95 0 0 0 0
96 2 104 13 17404
97 7 1191 8 1584
98 3 202 3 226
99 3 156 5 3888
100 2 303 2 104
101 2 232 2 104
102 4 208 10 13766
103 2 253 2 454
104 5 463 5 365
105 1 98 1 52
106 8 678 11 9115
107 7 792 7 1252
108 1 96 3 579
109 29 1985 46 54763
110 5 554 5 1106
111 2 220 2 104
112 3 392 5 2162
113 3 298 3 156
114 3 202 3 226
115 14 1540 17 9942
116 10 21733 10 1262
117 13 7545 13 4024
118 10 936 12 10657
119 2 104 2 762
120 4 1951 4 1010
121 0 0 0 0
122 0 0 0 0
123 5 388 14 10235
124 11 1011 7 1533
125 17 31415 12 694
126 28 29516 37 42378
127 10 2810 11 3304
128 5 566 5 582
129 17 1300 47 57353
130 10 888 9 3201
131 14 18705 7 1285
132 22 1345 37 46115
133 1 714 1 52
134 1 119 1 52
135 4 398 4 605
136 7 605 17 20709
137 0 0 0 0
138 0 0 0 0
139 10 901 24 27309
140 0 0 0 0
141 2 150 2 139
142 6 451 10 9183
143 0 0 0 0
144 1 52 1 52
145 4 338 11 12887
146 0 0 0 0
147 0 0 0 0
148 3 206 2 174
149 4 336 10 11805
150 2 211 3 1177
151 1 96 1 52
152 3 359 5 4474
153 0 0 0 0
154 1 100 3 226
155 6 465 9 9798
156 0 0 0 0
157 4 1141 5 2062
158 3 156 3 3432
159 1 247 1 52
160 3 202 2 174
161 4 440 4 480
162 2 104 3 2566
163 1 254 1 52
164 0 0 0 0
165 3 156 4 4424
166 1 178 1 52
167 3 202 3 226
168 3 156 4 3996
169 1 178 1 52
170 0 0 0 0
171 3 156 4 3343
172 4 377 6 2568
173 3 359 1 52
174 0 0 0 0
175 0 0 4 4244
176 5 460 2 104
177 0 0 0 0
178 3 156 4 3975
179 1 182 1 52
180 0 0 0 0
181 0 0 0 0
182 3 201 3 226
183 3 309 4 2398
184 0 0 0 0
185 0 0 0 0
186 6 442 7 5319
187 8 1579 7 2024
188 6 358 6 4312
189 2 228 2 104
190 0 0 0 0
191 1 52 1 584
192 1 98 1 52
193 5 618 6 2542
194 0 0 0 0
195 0 0 0 0
196 4 357 6 5554
197 5 305 5 1446
198 1 182 1 52
199 11 725 18 23476
200 0 0 0 0
201 0 0 0 0
202 15 1097 23 26119
203 0 0 0 0
204 4 394 7 3683
205 36 10024 65 77978
206 0 0 0 0
207 3 415 3 875
208 31 2055 50 58885
209 15 29223 15 815
210 6 659 6 1074
211 4 349 4 243
212 11 806 30 37560
213 6 649 6 900
214 16 1393 39 44529
215 9 939 16 12384
216 2 269 3 1551
217 0 0 0 0
218 0 0 0 0
219 0 0 0 0
220 0 0 0 0
221 0 0 0 0
222 0 0 0 0
223 0 0 0 0
224 0 0 0 0
225 0 0 0 0
226 0 0 0 0
227 0 0 0 0
228 0 0 0 0
229 0 0 0 0
230 0 0 0 0
231 0 0 0 0
232 2 104 2 104
233 0 0 0 0
234 1 52 1 52
235 0 0 0 0
236 0 0 0 0
237 0 0 0 0
238 0 0 0 0
239 4 391 5 625
240 3 196 3 226
241 0 0 0 0
242 0 0 0 0
243 0 0 0 0
244 0 0 0 0
245 1 52 1 87
246 0 0 0 0
247 0 0 0 0
248 0 0 0 0
249 0 0 0 0
250 0 0 0 0
251 0 0 0 0
252 0 0 0 0
253 0 0 0 0
254 0 0 0 0
255 0 0 0 0
256 0 0 0 0
257 0 0 0 0
258 0 0 0 0
259 0 0 0 0
260 0 0 0 0
261 0 0 0 0
262 0 0 0 0
263 0 0 0 0
264 0 0 0 0
265 0 0 0 0
266 0 0 0 0
267 0 0 0 0
268 0 0 0 0
269 0 0 0 0
270 5 425 5 580
271 0 0 0 0
272 0 0 0 0
273 0 0 0 0
274 0 0 0 0
275 0 0 0 0
276 0 0 0 0
277 2 104 2 104
278 0 0 0 0
279 1 52 1 52
280 0 0 0 0
281 0 0 0 0
282 0 0 0 0
283 0 0 0 0
284 0 0 0 0
285 0 0 0 0
286 0 0 0 0
287 0 0 0 0
288 0 0 0 0
289 0 0 0 0
290 0 0 0 0
291 1 52 1 52
292 0 0 0 0
293 0 0 0 0
294 0 0 0 0
295 0 0 0 0
296 0 0 0 0
297 0 0 0 0
298 0 0 0 0
299 0 0 0 0
300 0 0 0 0
301 5 419 5 796
302 0 0 0 0
303 0 0 0 0
304 0 0 0 0
305 0 0 0 0
306 3 219 4 184
307 8 776 8 1026
307 1 52 1 40
308 0 0 1 40
309 0 0 0 0
310 0 0 0 0
311 0 0 0 0
312 0 0 0 0
313 0 0 0 0
314 0 0 0 0
315 0 0 0 0
316 0 0 0 0
317 0 0 0 0
318 0 0 0 0
319 0 0 0 0
320 0 0 0 0
321 0 0 0 0
322 0 0 0 0
323 0 0 0 0
324 0 0 0 0
325 0 0 0 0
326 0 0 0 0
327 0 0 0 0
328 0 0 0 0
329 0 0 0 0
330 0 0 0 0
331 0 0 0 0
332 5 420 5 542
333 0 0 0 0
334 0 0 0 0
335 0 0 0 0
336 0 0 0 0
337 1 52 1 52
338 0 0 0 0
339 0 0 0 0
340 0 0 0 0
341 0 0 0 0
342 0 0 0 0
343 0 0 0 0
344 0 0 0 0
345 0 0 0 0
346 0 0 0 0
347 0 0 0 0
348 0 0 0 0
349 0 0 0 0
350 0 0 0 0
351 0 0 0 0
352 0 0 0 0
353 0 0 0 0
354 0 0 0 0
355 0 0 0 0
356 0 0 0 0
357 0 0 0 0
358 0 0 0 0
359 0 0 0 0
360 0 0 0 0
361 0 0 0 0
362 0 0 0 0
363 5 418 5 760
364 0 0 0 0
365 0 0 0 0
366 0 0 0 0
367 0 0 0 0
368 0 0 0 0
369 0 0 0 0
370 0 0 0 0
371 0 0 0 0
372 0 0 0 0
373 0 0 0 0
374 0 0 0 0
375 0 0 0 0
376 0 0 0 0
377 0 0 0 0
378 0 0 0 0
379 0 0 0 0
380 0 0 0 0
381 0 0 0 0
382 1 52 1 52
383 0 0 0 0
384 0 0 0 0
385 0 0 0 0
386 0 0 0 0
387 0 0 0 0
388 0 0 0 0
389 0 0 0 0
390 0 0 0 0
391 0 0 0 0
392 0 0 0 0
393 26 8306 27 9861
394 5 594 5 295
395 37 50472 27 9032
396 27 2052 50 55686
397 6 1363 5 2167
398 3 383 3 675
399 7 567 11 12774
400 0 0 0 0
401 0 0 0 0
402 0 0 0 0
403 16 4131 18 4175
404 25 54385 10 567
405 0 0 0 0
406 4 362 5 4132
407 13 15122 9 3256
408 0 0 0 0
409 4 407 4 782
410 22 1452 40 50122
411 3 412 2 104
412 3 347 3 497
413 14 924 42 55735
414 5 433 6 1993
415 4 619 4 745
416 13 882 41 52153
417 3 346 3 1210
418 7 701 7 1622
419 29 2570 48 54518
420 1 111 1 52
421 3 256 3 191
422 17 1381 45 54801
423 1 104 1 52
424 3 314 4 243
425 5 560 13 13599
426 5 539 6 825
427 6 1304 7 2360
428 33 13633 62 69735
429 2 290 3 1929
430 7 7515 7 1079
431 16 1211 43 55916
432 0 0 1 52
433 4 384 4 243
434 8 826 13 10866
435 0 0 0 0
436 7 492 9 5524
437 38 2619 76 94381
438 3 401 3 191
439 18 30023 18 1982
440 24 1726 40 46999
441 0 0 0 0
442 4 403 4 790
443 18 1287 44 52463
444 8 1823 12 3531
445 24 24424 22 4678
446 9 2288 9 912
447 30 1928 63 78965
448 14 14601 14 2268
449 8 1439 8 1682
450 20 20963 26 17677
451 3 300 3 156
452 7 654 6 347
453 15 874 21 25873
454 5 4517 5 260
455 2 197 2 104
456 19 1690 31 32803
457 5 1061 5 1994
458 11 4803 10 1696
459 6 379 7 7010
460 2 281 2 104
461 6 1008 7 1391
462 5 447 4 208
463 6 572 7 1389
464 6 800 6 1031
465 0 0 0 0
466 8 589 18 21181
467 3 302 3 156
468 11 5057 12 1899
469 16 1160 18 19125
470 4 653 4 208
471 0 0 0 0
472 10 1074 16 13973
473 4 302 4 278
474 5 491 4 208
475 14 1018 26 31142
476 3 243 3 1031
477 2 151 2 874
478 20 24625 24 19429
479 6 511 5 260
480 4 746 4 1060
481 4 304 5 2181
482 6 652 6 1239
483 3 295 3 156
484 3 200 3 226
485 24 1904 36 34093
486 18 30912 9 1493
487 6 1266 5 2125
488 20 1513 25 24463
489 0 0 0 0
490 5 397 4 278
491 11 799 13 13950
492 5 490 5 260
493 2 150 2 821
494 18 1669 29 30094
495 5 307 5 715
496 3 442 3 156
497 12 813 19 20423
498 1 183 1 52
499 7 768 7 859
500 0 0 0 0
501 18 1224 29 33251
502 4 745 4 243
503 4 301 4 1174
504 27 1913 56 75450
505 3 311 5 1715
506 3 226 3 226
507 4 383 10 11089
508 2 197 2 104
509 5 775 7 3101
510 3 276 1 52
511 0 0 0 0
512 6 505 6 382
513 5 480 5 2184
514 2 197 2 104
515 2 153 2 360
516 3 364 3 191
517 12 2020 10 3093
518 1 95 2 104
519 5 517 6 2857
520 5 712 5 578
521 3 570 3 1092
522 35 2285 69 87289
523 4 671 6 826
524 6 1063 5 623
525 6 511 6 1930
526 14 1213 26 32748
527 2 170 2 139
528 7 557 6 627
529 8 720 14 14978
530 1 184 1 52
531 5 536 5 538
532 11 11500 8 3685
533 36 2801 88 109579
534 6 7351 6 1159
535 2 104 2 1288
536 34 2171 91 125412
537 3 1263 3 839
538 0 0 0 0
539 17 1013 26 32445
540 0 0 3 1142
541 15 12697 11 1394
542 0 0 1 52
543 0 0 0 0
544 0 0 0 0
545 0 0 0 0
546 3 309 3 1928
547 7 1174 7 3236
548 1 210 1 52
549 4 254 3 966
550 1 381 1 52
551 0 0 0 0
552 0 0 0 0
553 0 0 0 0
554 0 0 0 0
555 0 0 0 0
556 3 286 3 898
557 1 52 1 876
558 5 754 5 1181
559 7 494 12 13955
560 0 0 0 0
561 0 0 0 0
562 10 650 18 23529
563 13 1429 16 5234
564 5 440 2 740
565 49 32245 77 95535
566 6 1020 7 775
567 0 0 2 472
568 32 2238 48 59925
569 6 586 5 260
570 3 423 3 536
571 27 2202 55 67645
572 3 399 3 156
573 5 721 6 1081
574 5 416 4 243
575 16 1180 20 20496
576 6 624 6 2286
577 10 1645 10 3197
578 34 2175 59 75979
579 5 610 5 295
580 4 445 4 978
581 0 0 0 0
582 11 1242 13 12177
583 0 0 0 0
584 1 52 1 52
585 0 0 0 0
586 0 0 0 0
587 0 0 0 0
588 0 0 0 0
589 0 0 0 0
590 3 470 2 1325
591 0 0 0 0
592 0 0 0 0
593 0 0 0 0
594 3 311 2 350
595 0 0 0 0
596 0 0 0 0
597 0 0 0 0
598 3 470 2 992
599 0 0 0 0
600 0 0 0 0
601 0 0 0 0
602 0 0 0 0
603 0 0 0 0
604 0 0 0 0
605 3 196 3 226
606 3 551 2 1067
607 3 276 3 1054
608 0 0 0 0
609 1 52 1 87
610 0 0 0 0
611 0 0 0 0
612 0 0 0 0
613 0 0 0 0
614 3 466 3 931
615 0 0 0 0
616 0 0 0 0
617 0 0 0 0
618 0 0 0 0
619 0 0 0 0
620 0 0 0 0
621 0 0 0 0
622 3 536 2 892
623 0 0 0 0
624 0 0 0 0
625 3 276 2 326
626 0 0 0 0
627 0 0 0 0
628 0 0 0 0
629 1 52 1 52
630 3 696 2 1324
631 0 0 0 0
632 0 0 0 0
633 0 0 0 0
634 0 0 0 0
635 0 0 0 0
636 0 0 0 0
637 0 0 0 0
638 3 470 2 854
639 0 0 0 0
640 0 0 0 0
641 0 0 0 0
642 0 0 0 0
643 15 1965 16 7004
644 9 5078 9 1170
645 19 29103 13 4323
646 37 40122 40 30942
647 2 104 2 534
648 5 881 5 756
649 18 936 24 33768
650 4 1830 4 704
651 7 802 9 3276
652 9 16374 14 13617
653 19 1284 20 22647
654 1 593 1 52
655 5 260 5 5649
656 1 183 1 52
657 0 0 0 0
658 0 0 0 0
659 0 0 0 0
660 0 0 0 0
661 4 335 4 2067
662 2 499 2 139
663 0 0 0 0
664 13 820 14 17461
665 8 858 8 2795
666 0 0 0 0
667 15 1670 16 14731
668 0 0 0 0
669 1 52 1 925
670 14 1166 14 14056
671 0 0 0 0
672 0 0 0 0
673 26 1517 41 55496
674 4 789 4 698
675 1 52 0 0
676 6 545 12 13962
677 1 52 1 790
678 2 566 2 139
679 19 1284 33 43720
680 0 0 0 0
681 1 52 1 345
682 16 1113 20 24517
683 0 0 0 0
684 0 0 0 0
685 8 603 8 8105
686 2 414 2 139
687 0 0 0 0
688 9 598 11 13604
689 3 286 3 702
690 5 548 5 833
691 24 1516 43 57135
692 0 0 0 0
693 1 52 1 771
694 27 2207 41 48864
695 5 488 5 610
696 1 52 0 0
697 22 2297 37 42390
698 0 0 0 0
699 0 0 0 0
700 11 758 36 46788
701 5 426 3 958
702 2 479 2 139
703 22 1207 27 33176
704 1 182 1 52
705 0 0 0 0
706 24 1507 37 48250
707 12 789 17 20564
708 0 0 0 0
709 3 389 4 1871
710 23 1816 32 36477
711 1 255 1 52
712 5 417 5 934
713 18 1325 20 20536
714 1 242 1 52
715 0 0 0 0
716 0 0 0 0
717 4 336 4 2185
718 2 456 2 139
719 0 0 0 0
720 3 195 3 226
721 0 0 0 0
722 1 52 6 5721
723 10 11486 8 3251
724 0 0 0 0
725 9 739 19 22583
726 14 1229 11 9856
727 5 1229 6 2634
728 6 1045 14 12172
729 29 1949 30 35748
730 0 0 0 0
731 0 0 0 0
732 8 751 14 6006
733 17 29053 7 434
734 25 31533 35 28661
735 42 2769 64 82173
736 3 343 3 156
737 5 560 5 1440
738 19 1271 38 47423
739 5 469 3 156
740 6 560 6 347
741 22 1357 43 54233
742 7 1214 6 347
743 2 196 2 104
744 24 1659 35 41484
745 2 171 1 87
746 4 419 3 156
747 8 724 11 6661
748 1 95 1 52
749 6 767 7 1148
750 11 872 10 7397
751 10 944 14 6239
752 7 626 4 208
753 0 0 0 0
754 12 798 14 16017
755 4 471 4 611
756 9 854 8 1041
757 11 1638 19 13849
758 20 1701 27 34624
759 0 0 0 0
760 4 367 13 13971
761 22 1560 22 20227
762 3 247 3 408
763 3 356 13 13930
764 11 839 2 104
765 3 513 4 1040
766 5 544 6 1047
767 28 1742 37 45400
768 3 428 3 476
769 2 209 2 104
770 3 318 10 6699
771 25 2165 32 37623
772 5 501 7 2123
773 38 2559 79 102582
774 2 602 2 139
775 1 98 1 52
776 12 869 12 13227
777 4 448 5 295
778 5 470 4 243
779 1 98 1 52
780 10 752 11 10215
781 2 150 2 821
782 9 1151 9 1076
783 28 1653 39 48442
784 1 286 1 52
785 2 218 2 104
786 5 531 6 943
787 12 1577 19 17093
788 2 196 1 52
789 5 665 4 1036
790 18 1105 18 20645
791 1 98 1 52
792 5 516 5 911
793 6 585 6 592
794 7 607 7 4598
795 4 395 3 156
796 0 0 0 0
797 4 346 4 1399
798 9 1144 9 4663
799 1 99 1 52
800 3 246 3 191
801 12 1012 14 7025
802 4 376 4 631
803 4 487 4 243
804 13 904 14 13771
805 0 0 1 785
806 9 926 8 911
807 29 1985 41 50628
808 1 122 1 52
809 5 450 4 243
810 5 476 13 12999
811 6 595 5 820
812 5 537 5 578
813 13 1229 22 24620
814 6 672 5 1171
815 5 488 5 616
816 8 673 9 3948
817 12 1886 11 5703
818 5 412 5 934
819 4 536 4 208
820 27 1719 33 37457
821 8 656 8 2865
822 8 1177 8 871
823 2 199 3 364
824 7 711 5 991
825 9 778 9 3860
826 1 98 3 489
827 9 879 7 399
828 14 911 18 20997
829 3 250 3 1346
830 4 567 4 278
831 1 96 1 52
832 12 841 15 14849
833 4 393 3 156
834 1 119 1 52
835 27 2402 41 48252
836 1 98 1 52
837 3 672 4 957
838 16 1068 18 17634
839 2 193 2 104
840 2 174 2 139
841 2 193 1 52
842 15 1000 22 25394
843 6 537 6 962
844 4 468 4 931
845 9 634 11 13461
846 8 1002 8 944
847 8 1375 8 2974
848 11 952 11 4969
849 6 706 7 2153
850 1 95 1 52
851 3 385 4 758
852 10 735 15 15536
853 8 1727 9 5144
854 13 12894 11 1407
855 25 1567 69 93308
856 10 943 5 552
857 0 0 0 0
858 6 312 23 32653
859 5 593 5 735
860 0 0 0 0
861 10 566 19 24550
862 6 1040 6 674
863 6 632 6 2732
864 0 0 0 0
865 8 546 10 11884
866 4 301 4 278
867 4 350 6 4121
868 7 8086 7 1032
869 5 260 6 5408
870 30 2878 45 51758
871 13 32358 14 798
872 6 1042 5 628
873 2 202 2 104
874 19 1577 41 46127
875 4 490 5 714
876 4 452 5 1298
877 19 1807 26 27564
878 4 640 5 330
879 4 408 4 208
880 1 103 1 52
881 7 454 8 5553
882 12 12685 11 1277
883 4 349 5 2945
884 35 2210 71 94007
885 6 618 6 1918
886 10 1359 11 3803
887 35 36108 47 55546
888 3 583 3 156
889 3 346 4 755
890 20 1679 37 43485
891 1 98 1 52
892 1 99 1 52
893 2 464 3 1398
894 3 207 2 139
895 1 96 1 52
896 4 354 3 191
897 2 200 2 104
898 0 0 0 0
899 4 345 4 243
900 1 101 1 52
901 7 974 7 1272
902 1 52 0 0
903 4 393 4 1272
904 3 297 3 156
905 4 353 3 203
906 5 479 6 900
907 10 1485 10 3478
908 1 98 1 52
909 2 157 2 1312
910 2 461 2 104
911 2 150 2 139
912 4 347 3 191
913 3 299 3 156
914 1 98 1 52
915 1 95 1 52
916 11 989 12 5005
917 9 913 8 1586
918 5 882 4 243
919 13 1456 20 22848
920 1 95 1 52
921 3 245 3 191
922 20 1349 29 32498
923 6 711 6 312
924 0 0 0 0
925 7 900 12 11731
926 2 151 1 52
927 4 357 4 278
928 24 1418 51 67128
929 5 633 5 711
930 4 436 4 489
931 2 192 2 116
932 9 761 20 20526
933 5 818 6 1489
934 5 397 4 243
935 8 793 15 13548
936 4 382 4 1179
937 8 1551 10 3250
938 19 1590 34 39387
939 3 250 2 139
940 3 289 4 220
941 3 533 4 958
942 8 710 8 2786
943 0 0 0 0
944 8 764 7 1070
945 9 646 11 11233
946 1 101 1 52
947 5 537 5 507
948 7 627 8 4457
949 5 401 5 1499
950 4 776 5 330
951 5 539 7 7205
952 4 420 5 2567
953 1 99 1 52
954 0 0 0 0
955 10 785 14 11188
956 4 298 4 1302
957 5 835 6 1062
958 2 150 1 52
959 1 99 1 52
960 6 494 7 4241
961 4 346 3 203
962 2 198 2 104
963 7 587 11 9565
964 1 99 1 52
965 5 398 5 1502
966 10 1059 11 4612
967 6 1481 6 1997
968 4 389 4 208
969 8 687 10 8216
970 1 102 1 52
971 7 599 7 434
972 9 598 11 13281
973 2 459 3 1395
974 1 52 0 0
975 9 516 9 9392
976 5 530 4 243
977 9 731 9 4628
978 6 625 6 347
979 1 95 1 52
980 4 208 6 7364
981 7 682 7 1114
982 3 677 4 278
983 7 784 7 2870
984 1 95 1 52
985 0 0 0 0
986 9 724 9 7716
987 2 201 3 156
988 0 0 0 0
989 6 491 6 1183
990 4 611 4 243
991 2 150 2 139
992 0 0 0 0
993 3 302 3 156
994 1 98 1 52
995 0 0 0 0
996 2 150 2 139
997 10 1472 8 2887
998 3 562 3 156
999 3 290 3 156
1000 0 0 0 0
1001 0 0 0 0
1002 6 499 6 382
1003 1 100 1 52
1004 2 191 2 104
1005 3 156 3 1906
1006 4 674 4 243
1007 4 302 4 278
1008 7 713 6 702
1009 1 103 1 52
1010 1 95 1 52
1011 1 95 1 52
1012 5 406 5 330
1013 4 346 4 1413
1014 4 882 3 191
1015 1 98 1 52
1016 1 100 1 52
1017 4 348 4 278
1018 2 197 2 104
1019 1 99 1 52
1020 1 98 1 52
1021 3 246 3 993
1022 2 500 1 87
1023 3 245 4 278
1024 2 197 2 104
1025 3 294 3 156
1026 3 202 3 789
1027 6 1200 6 2298
1028 0 0 0 0
1029 6 498 6 1096
1030 2 461 2 104
1031 5 490 5 260
1032 0 0 0 0
1033 1 99 1 52
1034 2 150 3 226
1035 2 197 2 104
1036 0 0 0 0
1037 5 448 5 1123
1038 6 767 6 558
1039 4 351 4 313
1040 2 202 2 104
1041 3 290 3 156
1042 1 102 1 52
1043 2 201 2 104
1044 6 644 6 1606
1045 1 52 1 1259
1046 3 509 2 139
1047 5 490 5 260
1048 0 0 0 0
1049 2 196 2 104
1050 2 152 3 226
1051 1 123 1 52
1052 1 98 1 52
1053 5 438 5 1097
1054 4 607 3 191
1055 0 0 0 0
1056 2 104 2 733
1057 9 1732 8 2439
1058 2 198 2 104
1059 3 288 3 156
1060 2 191 2 104
1061 1 52 1 913
1062 4 647 4 313
1063 1 98 1 52
1064 2 193 2 104
1065 2 198 2 104
1066 7 608 8 2881
1067 4 367 6 1059
1068 1 319 1 52
1069 31 13519 38 37607
1070 6 1362 7 1578
1071 4 601 5 627
1072 10 1032 13 7787
1073 11 802 14 7053
1074 4 916 4 208
1075 55 60631 80 95679
1076 2 205 2 104
1077 7 1106 8 1491
1078 20 1263 35 41219
1079 3 460 3 156
1080 0 0 0 0
1081 7 562 13 13965
1082 5 496 5 260
1083 3 222 3 226
1084 1 98 1 52
1085 8 1112 15 12331
1086 7 564 6 2036
1087 10 1654 10 3338
1088 31 2088 73 94000
1089 3 274 2 139
1090 4 472 4 618
1091 20 1417 40 47666
1092 3 341 3 156
1093 4 1899 5 1538
1094 7 1186 6 752
1095 26 14263 33 28365
1096 4 495 4 1123
1097 6 358 15 16639
1098 5 627 4 2119
1099 10 2207 10 625
1100 7 693 9 4445
1101 25 1856 35 38260
