0 36 55040 38 7119
1 16 8337 20 6389
2 42 17645 46 26572
3 8 1097 8 2212
4 14 1388 17 12207
5 22 17356 61 70771
6 25 4878 38 45816
7 35 68205 29 2637
8 36 2160 76 105761
9 0 0 0 0
10 0 0 0 0
11 11 947 24 26389
12 0 0 0 0
13 0 0 0 0
14 5 391 11 13343
15 0 0 0 0
16 4 539 4 1482
17 4 353 8 8480
18 0 0 0 0
19 4 456 5 2659
20 25 1919 38 45680
21 28 53421 18 5978
22 19 9070 18 5363
23 46 12452 96 99079
24 5 885 6 1788
25 13 1265 16 8655
26 22 9628 45 49501
27 3 346 3 477
28 0 0 0 0
29 13 823 24 31870
30 2 104 2 425
31 3 346 3 191
32 22 1305 41 55500
33 3 342 3 569
34 0 0 0 0
35 3 380 7 6513
36 0 0 0 0
37 8 879 8 2106
38 19 1213 33 40046
39 1 252 1 52
40 0 0 0 0
41 8 619 18 17845
42 1 182 1 52
43 0 0 0 0
44 2 104 9 11669
45 2 234 2 104
46 0 0 0 0
47 1 52 1 52
48 0 0 0 0
49 16 1741 31 29254
50 4 350 2 174
51 0 0 0 0
52 30 2829 44 47714
53 5 553 7 3159
54 4 920 4 1398
55 35 29366 56 64623
56 51 58961 33 9938
57 25 9096 21 7784
58 32 11775 38 26077
59 28 53844 22 1409
60 23 8987 24 8423
61 30 34856 37 23730
62 3 254 3 191
63 4 370 3 191
64 13 859 19 23968
65 4 386 4 1333
66 3 401 3 441
67 9 736 13 13177
68 19 2021 20 6622
69 7 2041 6 757
70 0 0 0 0
71 12 8556 13 8413
72 2 220 2 104
73 1 96 1 52
74 0 0 0 0
75 14 1235 13 4671
76 0 0 1 52
77 5 432 6 3818
78 2 196 2 104
79 2 193 2 104
80 37 2382 71 87052
81 4 524 4 577
82 7 666 7 434
83 8 690 15 15494
84 5 537 5 295
85 7 734 7 1928
86 18 1866 22 16311
87 1 98 1 52
88 8 674 8 1310
89 4 411 14 13596
90 16 1147 11 3809
91 2 149 1 52
92 3 306 3 156
93 10 650 12 13323
94 14 2911 18 7831
95 20 2414 24 6247
96 16 28969 13 664
97 11 931 11 6037
98 2 193 2 104
99 4 300 4 278
100 6 482 6 4997
101 4 393 4 874
102 10 1030 9 1995
103 11 942 14 8224
104 1 95 1 52
105 4 305 4 278
106 13 1451 15 8896
107 8 653 6 347
108 0 0 0 0
109 16 1055 21 24896
110 4 302 4 278
111 0 0 0 0
112 11 885 14 9840
113 2 196 2 104
114 10 976 10 1625
115 13 3114 15 8619
116 6 1017 4 1893
117 7 692 5 1681
118 11 898 17 15027
119 6 495 6 742
120 15 3548 16 6209
121 36 20687 44 35557
122 6 465 7 2990
123 2 294 2 139
124 28 1976 52 63769
125 0 0 0 0
126 0 0 0 0
127 11 861 17 14459
128 0 0 0 0
129 0 0 1 816
130 30 1940 50 57258
131 7 847 5 295
132 13 26723 8 772
133 9 1309 9 1961
134 31 2079 52 69392
135 14 2309 14 6394
136 44 62816 40 7150
137 33 11623 38 22197
138 12 1280 12 1881
139 10 804 11 7730
140 14 8852 17 11795
141 3 250 3 191
142 3 295 2 104
143 17 1167 22 24587
144 3 248 3 191
145 1 99 1 52
146 11 1492 12 5397
147 5 439 5 295
148 6 608 7 4386
149 2 144 2 139
150 2 200 2 104
151 6 661 6 1648
152 4 347 4 243
153 6 605 7 4973
154 1 99 1 52
155 0 0 0 0
156 39 54233 42 16306
157 18 8355 23 9988
158 33 11863 21 7839
159 9 1072 10 2932
160 12 930 10 7802
161 8 8278 8 923
162 3 295 3 156
163 6 555 7 2991
164 1 98 1 52
165 0 0 0 0
166 9 641 11 11690
167 2 150 2 139
168 6 358 5 4321
169 3 397 3 156
170 2 196 2 104
171 3 294 3 156
172 5 567 5 1164
173 6 585 7 3461
174 4 351 4 243
175 4 399 4 968
176 15 1790 16 12970
177 1 98 1 52
178 0 0 0 0
179 7 547 8 4511
180 2 195 2 104
181 6 530 6 1195
182 11 1216 11 4502
183 3 252 4 208
184 40 54253 26 7202
185 12 8299 12 3764
186 53 13023 74 64664
187 4 704 5 1406
188 34 2122 62 77124
189 10 1261 12 2714
190 24 30786 21 2694
191 16 5861 36 40111
192 12 1006 5 613
193 0 0 0 0
194 0 0 0 0
195 2 252 3 1105
196 0 0 0 0
197 0 0 0 0
198 3 471 3 906
199 2 104 2 1360
200 2 585 1 87
201 8 783 8 3438
202 1 1434 1 52
203 0 0 0 0
204 0 0 0 0
205 0 0 0 0
206 5 1269 5 1944
207 41 60561 23 9436
208 25 12324 28 6525
209 31 54575 29 3708
210 27 10545 29 11092
211 11 6103 11 4431
212 19 31909 20 4127
213 8 764 9 2819
214 39 52152 37 26923
215 7 679 6 911
216 14 1418 21 22091
217 9 2150 10 3970
218 12 1347 13 3108
219 34 2307 58 74831
220 11 1555 15 9405
221 5 7974 5 396
222 9 894 20 18792
223 7 945 10 1135
224 4 319 2 104
225 29 2015 59 70217
226 5 565 3 156
227 6 692 6 638
228 13 808 35 43000
229 7 865 7 1790
230 0 0 0 0
231 10 779 15 10210
232 6 620 7 2773
233 6 641 6 739
234 13 851 15 17497
235 6 581 6 719
236 9 1620 9 2422
237 11 730 11 7923
238 3 396 3 156
239 1 99 1 52
240 11 1549 13 2982
241 23 1773 24 22305
242 4 465 4 529
243 6 500 6 382
244 31 2113 50 59483
245 2 198 2 104
246 4 439 4 530
247 19 1186 25 32276
248 6 526 6 382
249 1 121 1 52
250 18 1132 34 43843
251 8 740 8 806
252 1 99 1 52
253 22 1589 45 51790
254 8 726 10 5023
255 15 3191 15 6873
256 51 61076 64 58516
257 28 8540 29 6904
258 11 5110 11 1616
259 18 1325 35 40887
260 13 10093 14 3322
261 7 8101 5 540
262 25 7343 40 41303
263 0 0 0 0
264 6 552 6 975
265 18 1274 36 45736
266 6 1223 7 2073
267 3 300 3 156
268 9 619 12 13935
269 3 206 3 226
270 1 99 1 52
271 8 818 8 1956
272 12 800 15 17816
273 4 351 4 208
274 4 338 4 1525
275 14 1260 19 17550
276 2 196 2 104
277 1 97 1 52
278 11 792 14 13950
279 1 99 1 52
280 1 99 1 52
281 3 203 3 226
282 1 104 1 52
283 15 1039 19 17894
284 0 0 0 0
285 12 1061 12 5615
286 61 61847 50 29787
287 28 12382 28 6298
288 6 912 7 2053
289 9 1239 13 10743
290 6 8143 6 448
291 0 0 0 0
292 8 593 8 4421
293 0 0 0 0
294 1 92 1 52
295 19 1540 21 12889
296 6 1376 6 2324
297 6 547 6 1769
298 8 727 9 8003
299 0 0 0 0
300 6 525 7 340
301 27 1990 43 48853
302 5 495 6 288
303 7 650 7 804
304 11 697 30 38064
305 6 655 7 1373
306 5 575 4 243
307 10 662 14 13982
308 4 385 4 278
309 1 99 1 52
310 2 197 10 9380
311 8 655 3 156
312 6 630 6 676
313 6 533 5 330
314 11 703 17 19496
315 12 1158 9 966
316 3 195 3 1603
317 27 4712 30 27056
318 41 54379 23 6117
319 16 8123 14 5954
320 53 12815 69 62879
321 26 31082 25 3921
322 27 31916 26 7614
323 36 8419 41 33212
324 13 29804 9 468
325 8 647 8 2873
326 22 2466 24 21464
327 2 197 2 104
328 2 218 2 104
329 5 595 6 3894
330 18 2904 21 9170
331 10 1254 8 885
332 7 784 7 826
333 17 8968 19 10918
334 0 0 0 0
335 8 892 8 1839
336 18 1259 24 25634
337 15 1349 17 8279
338 13 11436 9 966
339 42 9113 88 113916
340 1 242 1 52
341 6 554 5 1010
342 8 458 18 23934
343 1 204 1 52
344 1 98 1 52
345 6 536 9 4444
346 4 434 3 191
347 6 540 5 609
348 0 0 1 282
349 28 1921 44 50480
350 4 572 4 208
351 19 27891 19 2523
352 24 1660 37 45090
353 6 1086 8 996
354 4 1057 4 208
355 21 1631 47 54455
356 10 1738 11 2481
357 2 202 2 104
358 4 514 6 747
359 24 1894 33 35217
360 4 440 5 1850
361 3 646 3 1259
362 29 11273 57 69031
363 2 290 4 1100
364 1 52 0 0
365 16 1111 26 28969
366 4 443 4 625
367 7 364 9 8558
368 33 18739 53 52513
369 18 21820 12 2928
370 8 795 8 1813
371 46 30112 75 91331
372 0 0 0 0
373 0 0 0 0
374 17 1050 48 65303
375 0 0 0 0
376 0 0 0 0
377 2 203 2 174
378 2 104 1 52
379 0 0 0 0
380 3 286 5 4287
381 1 100 1 52
382 8 1202 10 2597
383 11 775 23 31479
384 6 397 5 400
385 3 286 3 1552
386 14 1892 22 23549
387 0 0 0 0
388 0 0 0 0
389 17 1191 25 24798
390 0 0 0 0
391 0 0 0 0
392 11 703 18 22870
393 4 398 3 475
394 1 97 1 52
395 6 545 6 662
396 23 2454 35 41265
397 10 16697 6 812
398 4 398 4 748
399 26 1566 46 60394
400 9 537 10 6140
401 9 1523 9 1341
402 34 25393 44 44700
403 29 50837 21 4397
404 15 3915 17 6839
405 18 1351 21 19813
406 30 13590 29 9409
407 21 29177 18 5738
408 29 17571 38 42688
409 5 496 5 795
410 1 99 1 52
411 11 800 21 23296
412 13 1754 12 3070
413 1 95 1 52
414 12 862 15 7747
415 8 899 8 451
416 9 1527 10 2243
417 5 562 5 676
418 25 14388 27 30893
419 4 443 4 1946
420 4 306 4 278
421 19 1488 28 31003
422 4 366 2 139
423 2 194 2 104
424 16 1278 23 21563
425 7 674 7 1543
426 3 250 3 191
427 6 463 15 18306
428 5 483 6 1317
429 5 538 5 541
430 10 746 17 16348
431 6 1163 6 624
432 4 442 4 810
433 5 474 7 2306
434 2 196 2 104
435 5 541 5 540
436 5 478 7 5106
437 6 405 7 1710
438 5 519 4 243
439 1 104 1 52
440 4 388 4 208
441 3 300 3 156
442 7 632 12 5935
443 13 2725 15 3727
444 15 27918 15 1505
445 6 581 8 4517
446 9 2243 11 2247
447 3 249 2 104
448 8 897 8 1672
449 2 215 2 139
450 5 354 4 313
451 2 194 2 104
452 1 94 1 52
453 5 443 5 295
454 0 0 0 0
455 0 0 0 0
456 7 549 5 365
457 1 101 2 104
458 1 103 1 52
459 7 552 7 399
460 3 289 3 156
461 6 592 7 3490
462 3 419 3 703
463 6 569 7 1407
464 7 634 16 15657
465 7 643 7 719
466 3 294 3 156
467 8 783 11 8943
468 3 252 2 139
469 7 543 7 828
470 11 1073 13 9156
471 8 739 8 851
472 6 1372 7 1829
473 7 546 8 5705
474 3 342 3 476
475 1 106 0 0
476 18 2322 21 10601
477 15 12915 15 3073
478 1 98 1 52
479 11 1043 13 9296
480 4 299 5 330
481 16 1348 16 7435
482 29 53370 13 3346
483 31 3820 44 46044
484 8 865 9 1311
485 29 30634 69 74027
486 31 2085 58 70643
487 6 504 8 1032
488 20 1582 47 55921
489 4 537 5 1953
490 11 18385 11 1372
491 30 1941 55 66235
492 4 552 5 583
493 2 104 2 1533
494 18 1156 40 50803
495 2 421 2 104
496 1 99 1 52
497 5 260 13 17566
498 4 336 5 2166
499 8 6454 7 469
500 10 705 33 43355
501 17 1095 18 15381
502 13 2366 15 5815
503 8 771 8 3108
504 25 6402 58 75712
505 5 523 6 1807
506 6 1442 7 2066
507 27 6103 46 53937
508 4 448 4 1902
509 6 5799 7 2593
510 1 241 1 52
511 21 1345 32 39030
512 11 2104 15 7029
513 41 65695 35 4191
514 44 13695 52 31157
515 10 1667 9 2571
516 6 760 6 1819
517 34 10153 62 76931
518 1 266 1 52
519 4 398 4 828
520 17 1235 41 51774
521 2 150 4 1968
522 3 343 2 104
523 3 339 6 5826
524 3 156 4 4494
525 1 206 1 52
526 0 0 0 0
527 8 416 11 14132
528 8 897 9 1448
529 1 52 0 0
530 0 0 0 0
531 0 0 0 0
532 4 338 5 3847
533 0 0 0 0
534 0 0 0 0
535 0 0 0 0
536 11 2844 11 4588
537 0 0 0 0
538 1 52 1 285
539 25 2406 34 39559
540 13 13917 11 2889
541 13 3568 12 2483
542 6 606 6 2904
543 5 726 5 986
544 6 973 7 2262
545 35 54118 31 7795
546 40 19445 39 10193
547 9 1109 9 2256
548 3 369 3 1002
549 13 8702 14 6751
550 5 1673 5 1773
551 1 52 1 810
