9 6372 10 5519 6 566 6 1161 11 17934 11 10752 11 22 43 47 1266 10046 54914 66548 12 30 34 43 5510 15325 25886 35864
7 3329 8 4706 6 540 6 988 8 10790 9 10148 10 14 27 35 968 5607 9920 53873 10 17 29 35 4577 9241 18176 35565
7 3347 7 3668 5 515 6 988 7 10790 7 5655 10 13 19 33 1017 5607 9920 53873 11 16 20 30 4577 9241 15189 21170
6 2672 7 2949 5 489 5 740 6 9127 6 4404 9 13 14 24 968 5135 8853 29558 10 16 19 23 4440 7824 9850 14642
6 2381 6 2560 5 437 5 434 6 9036 5 3598 8 12 14 22 749 1952 8598 27525 8 15 17 20 4387 7708 9213 12080
7 4498 7 2867 5 517 6 975 8 12529 6 3670 9 14 27 34 1400 8755 30895 54352 10 16 20 28 4623 7708 9796 12080
6 3555 7 2747 5 490 5 781 7 10753 6 3634 9 13 22 28 938 8360 15126 53396 10 15 19 22 4599 7622 9267 12080
6 3532 6 2734 5 450 5 434 7 10759 6 3732 9 12 22 28 848 8360 15126 53396 10 14 19 22 4632 7708 9267 12080
7 3557 7 2760 5 475 5 781 7 10752 6 3706 9 12 22 28 938 8360 15126 53396 10 14 19 22 4663 7720 9267 12080
6 2622 6 2572 4 401 5 434 6 9140 5 3690 8 12 19 28 784 1493 9317 39669 9 14 18 22 4599 7645 10144 12080
6 2544 6 2332 4 391 4 321 6 9147 5 3259 8 10 19 28 698 1131 9317 39669 9 12 14 21 4547 7534 8964 11181
6 2552 6 2318 4 390 4 356 6 9145 5 3126 8 11 19 28 740 1121 9317 39669 9 12 14 21 4547 7534 8558 10410
6 2563 6 2362 5 439 5 408 6 9142 5 3125 8 11 19 28 731 1121 9317 39669 9 12 14 21 4548 7534 8558 10410
4 454 5 2002 4 390 4 278 3 296 3 2905 7 9 10 12 647 805 998 1095 8 11 12 13 3268 7129 8520 9410
4 469 5 1989 4 419 4 295 3 300 3 2857 7 9 11 12 672 847 1042 1118 8 11 12 13 3191 6993 8105 9198
4 462 5 1992 5 433 4 382 3 303 3 2876 7 8 10 11 672 836 1042 1118 8 11 12 13 3191 6286 8106 10198
4 446 5 1947 4 391 4 278 3 298 3 2963 7 8 10 12 636 798 998 1116 8 11 12 13 3071 6286 8618 10287
5 473 5 2045 5 419 5 373 3 312 3 3011 7 9 11 12 650 856 1042 1229 8 11 12 13 3108 6286 8626 10858
4 462 5 1898 4 396 5 330 3 311 3 2811 7 9 11 12 637 856 1042 1229 8 10 12 13 2963 5442 8106 10287
4 460 5 1917 5 429 5 347 3 295 3 2807 7 9 11 12 633 836 998 1116 8 10 12 13 3058 5105 8116 10287
5 482 5 2002 5 434 5 382 3 304 3 2912 7 10 12 12 621 848 1042 1236 7 11 12 13 3125 5519 8779 10287
5 605 6 2179 5 434 5 373 4 1183 5 3412 7 10 12 12 646 848 1045 1398 8 11 12 13 3445 7051 9554 10858
7 1213 8 5539 5 443 5 382 8 3596 14 17932 8 12 17 38 689 1368 3334 11334 8 12 16 66 4195 8818 11922 81614
9 2733 11 7542 5 548 6 601 10 7926 16 19877 10 19 35 42 992 4933 11406 29537 10 29 54 66 4622 10394 53730 81614
9 3087 11 8087 5 554 6 818 11 8240 17 20509 10 26 35 42 1460 8090 12639 29537 10 31 54 66 4490 12246 53730 81614
10 4785 13 9167 5 594 6 1001 13 12888 18 21200 11 33 38 48 1787 10853 28850 58512 11 43 55 67 4730 26917 54907 81614
11 5249 13 9644 6 655 6 1164 13 13281 19 21350 12 34 39 48 1908 11441 30810 58512 13 46 55 67 4892 35207 54907 81614
11 5339 14 10920 6 709 6 1723 13 13254 19 21737 15 34 39 48 1997 11441 30810 58512 14 46 55 67 7258 38090 54907 81614
12 5350 15 11298 7 820 7 1328 13 13250 19 21872 15 34 39 48 1997 11441 30810 58512 16 46 55 67 7739 38090 54907 81614
13 7460 16 11521 8 1265 9 2230 14 15450 19 21756 19 36 44 54 3315 29398 37104 61763 19 48 55 67 8613 38090 54907 81614
12 7006 14 8919 7 1210 9 2230 13 15288 15 14475 17 33 39 51 2327 29398 37104 61763 19 37 52 54 10693 29640 41742 53879
11 5575 13 7905 7 860 7 1774 12 14001 14 12317 15 24 38 51 1783 12185 34601 61763 17 33 46 52 11598 25890 32513 46258
12 5314 13 8305 7 985 8 2277 12 13854 13 11934 17 24 38 51 1757 9003 34601 61763 19 31 40 49 13672 27668 33805 37991
11 4007 12 7708 7 1030 8 2141 10 10145 11 10707 17 23 26 43 1698 8509 29370 35170 18 30 33 43 12776 24450 32454 35258
12 4631 13 8355 9 1127 11 2561 10 11166 11 11013 17 24 31 38 1783 10469 29370 44014 19 30 37 40 13801 24450 32454 37991
11 4568 12 7685 8 1074 9 2165 10 11185 11 10652 17 24 31 38 1661 10469 29370 44014 19 30 36 40 12776 23800 29895 37659
12 4569 13 8351 8 1000 9 2316 10 11185 11 11788 17 26 31 38 1698 10469 29370 44014 20 30 39 43 13672 23800 33845 40902
11 3306 13 8851 7 858 7 2204 9 9146 11 12262 17 26 31 31 1530 8862 11668 39480 20 30 36 43 14640 26523 33845 40902
11 3295 13 9086 7 748 7 2204 9 9158 12 12895 17 26 31 33 1474 9574 11668 39480 20 30 39 46 14640 27033 35949 43946
12 4356 13 9256 7 857 7 2204 10 10662 12 13228 17 30 32 42 1600 10449 28816 48358 21 35 40 46 14102 28667 37434 43946
11 4611 13 9611 6 729 7 2150 11 10717 14 15144 17 31 36 42 1606 10828 28816 48358 20 35 41 47 13172 27033 40407 50935
12 5253 14 10042 6 715 7 2204 12 12051 14 15708 17 31 39 42 1669 11542 32205 54370 20 36 46 49 13172 28667 41948 52230
12 5656 14 10272 7 811 7 2464 12 11918 14 15974 18 32 39 42 1887 13330 32434 48331 21 35 46 49 13206 30616 44142 52230
13 6474 15 10715 8 953 9 3582 12 13040 14 15716 18 34 40 42 4201 28654 36317 54248 23 35 46 49 14408 29921 44142 52230
13 6842 15 10086 9 1032 10 3582 12 12995 14 14824 18 34 40 42 8317 28654 36317 54248 23 35 40 49 12914 28667 37926 48014
12 5879 13 9522 7 726 9 3107 11 11872 13 14556 15 31 39 42 5938 13221 32434 48262 20 33 38 47 12226 28310 37926 48014
10 5671 12 8247 7 666 7 1819 11 11918 13 13918 14 30 39 42 3918 13221 32434 48262 18 33 36 43 10028 26403 37298 46223
9 5529 11 7231 6 618 6 1641 11 12055 13 13188 14 29 34 39 3918 11809 32434 53855 16 31 36 42 7903 16279 30693 46223
8 5133 9 5694 5 495 5 1382 10 12076 11 9982 12 29 34 36 1505 11148 32434 53855 13 28 34 38 6962 15410 28246 40287
7 4030 7 4477 4 396 4 634 9 10433 10 8592 9 18 30 34 1101 9901 30590 43350 12 25 31 36 4965 13040 26096 33386
6 3537 6 3370 3 285 3 402 8 10554 8 6208 8 16 29 32 1072 8442 10651 53855 10 18 25 36 4624 11166 15382 26891
4 2632 4 2058 0 0 0 0 7 8885 7 4312 6 12 23 30 649 8034 10357 30831 6 12 20 29 1634 7218 11645 14178
3 2944 3 1480 0 0 0 0 7 10932 6 3073 5 9 23 31 527 4323 10651 54762 5 11 13 24 1379 5391 7260 12075
4 4338 4 1374 0 0 0 0 9 13051 8 2454 5 14 29 36 617 8547 30917 58188 6 13 24 31 1725 4753 6381 8692
5 4481 4 1581 0 26 0 26 9 13036 8 2517 6 14 29 36 836 8547 30917 58188 6 13 24 31 2761 4927 6381 8692
5 4558 5 1677 1 76 1 52 9 13124 7 2611 7 16 29 34 1163 8103 31053 58317 7 15 25 26 3256 4927 8043 9296
7 5033 7 4525 3 293 3 413 9 13343 12 14552 8 23 29 34 1951 8751 31053 58317 10 20 26 51 3456 6507 9391 60248
10 7281 12 8472 5 597 5 1475 14 15474 22 27998 14 28 34 40 6173 28593 54099 58317 13 26 41 68 4624 9276 41746 89094
10 6735 13 9845 5 688 6 1294 14 14527 23 28794 14 28 36 42 5562 20591 53936 58317 15 35 41 68 4844 31309 49303 89094
12 7767 16 12244 7 1069 8 2221 14 15414 24 29894 19 31 40 44 6745 28593 54051 58317 22 38 60 68 6376 41918 60066 89094
13 7384 16 12801 8 1380 9 2707 14 14147 24 29926 20 29 37 44 7930 20591 53936 55866 25 38 60 68 6965 41918 60066 89094
11 5947 15 12429 6 844 6 1616 14 12581 24 30044 17 28 36 44 6114 13341 30569 54562 20 37 60 68 6519 41918 60066 89094
11 5851 15 12631 6 794 6 1616 14 12593 24 30056 17 28 36 44 5562 13341 30569 54562 20 37 60 68 6965 41918 60066 89094
12 5988 16 13349 7 921 7 1786 14 13209 24 30078 18 28 37 44 5554 13341 30569 54562 25 38 60 68 8173 41918 60066 89094
11 5661 14 11009 5 742 6 1553 14 12998 23 27334 17 27 37 44 5554 11579 30569 54562 19 34 42 60 7527 31881 49303 61305
8 4123 10 7418 4 532 4 1228 10 11460 13 13913 11 25 35 43 1642 8216 15105 54553 13 29 38 51 6708 27396 39593 54265
10 5580 11 8419 4 532 5 1458 12 14807 15 16867 13 30 43 44 1954 10166 36882 60509 15 32 45 58 7527 27396 46589 61305
9 4797 11 7782 4 504 5 1432 11 13680 14 15360 12 25 35 44 1693 8761 20725 59698 15 32 42 49 6681 26439 34815 48608
10 5536 12 9288 5 577 5 1642 12 15013 17 18591 13 30 43 45 1766 9272 36882 63690 18 32 42 65 8281 27394 46546 69536
11 5790 14 10519 6 771 6 1928 12 15019 17 19147 16 30 43 45 1919 10166 36882 63690 19 36 42 65 10306 30378 46546 69536
12 6586 15 11647 7 1084 8 2137 12 15509 17 19746 19 30 43 45 2424 15545 41760 63690 25 37 42 65 12903 34891 46546 69536
