11 6323 15 12537 4 497 6 2159 12 14682 19 21802 19 30 36 43 2070 17384 53442 56686 22 38 46 67 12449 45693 55956 82660
9 4229 12 10757 4 444 6 1403 11 11527 17 19483 13 28 32 40 1275 9149 29640 53598 18 37 44 62 12046 32687 49800 74043
10 4670 13 10584 5 586 7 1403 11 11816 17 19377 16 28 32 40 1879 9842 29640 53598 18 37 44 62 10370 32687 49800 74043
9 3628 11 8111 4 503 6 1092 10 10415 13 15419 13 23 30 35 1218 8599 28988 42830 15 31 38 49 8415 24060 40429 59331
9 3674 10 7291 6 586 6 1365 10 10404 12 14011 13 23 30 35 1169 8599 28988 42830 15 24 37 49 8472 18433 26235 54815
10 3986 11 8103 6 659 6 1517 10 10554 13 15404 13 28 32 36 1554 8997 28988 42830 15 24 44 53 8472 23753 36164 64127
9 3286 12 8262 7 691 7 1781 9 9126 13 15896 13 23 31 36 1554 4048 20988 31441 15 25 44 52 8415 22350 36642 66130
9 2820 11 7866 7 659 7 1653 9 8417 13 15847 13 18 31 36 1287 3157 12076 27666 14 22 44 52 7929 16899 36642 66130
10 3651 12 8201 7 682 7 1887 10 10196 14 15817 13 28 33 37 1461 8404 20988 39579 15 25 44 52 8322 16899 36642 66130
9 3690 10 6841 6 651 7 1781 9 10218 12 13040 13 20 33 37 1344 8404 20988 39579 14 23 42 50 7809 15154 25429 59992
9 3276 10 6655 6 576 6 1636 9 9831 12 13075 11 19 33 37 1195 8285 12304 38277 14 22 42 50 7748 15154 25429 59992
10 4219 11 8059 6 606 6 1664 11 11374 15 16376 12 31 36 41 1566 9129 20988 54241 14 38 50 56 7334 16895 57583 66649
10 4593 11 8146 6 561 5 1277 11 11756 15 16791 12 31 36 41 1827 11647 26926 54241 12 38 50 56 6583 22436 57583 66649
10 5889 11 6912 6 595 5 1277 12 14285 14 15254 12 31 39 42 1827 12393 54234 57089 12 29 42 56 5646 13303 40968 66649
10 5859 11 6653 6 595 5 1383 11 13893 14 14644 12 31 39 40 1873 12393 52256 54388 12 28 37 59 4626 13303 27582 68934
10 5897 12 7884 6 685 6 1527 11 13873 15 16643 12 31 39 40 2041 12393 52256 54388 15 29 42 60 5361 19121 44083 72154
9 5008 11 7864 6 685 6 1383 11 12759 14 16661 12 27 34 40 1571 10722 32921 54388 13 29 38 60 5014 19121 44083 72154
10 4973 12 8999 6 717 6 1383 11 12745 15 17867 12 29 34 40 1658 10722 32921 54388 15 29 50 60 6694 27458 59742 72154
12 5957 15 11407 8 858 9 2558 12 14131 17 19757 16 31 39 45 2115 12393 52257 57089 21 36 58 62 9412 43084 59742 72154
11 5305 14 10725 8 829 8 2008 10 13037 15 18103 15 27 31 39 2039 10138 32921 57089 21 36 45 58 9629 41472 52126 63991
11 4885 14 10806 8 804 8 2247 10 12729 14 17778 14 27 31 39 1658 8695 32921 57089 20 35 45 58 11802 41472 52126 63991
11 4227 14 11400 8 813 9 2597 11 11523 15 17842 14 27 31 44 1596 8144 13358 55900 19 36 50 58 14836 41472 52126 63991
9 3022 12 9845 6 735 7 1779 10 9676 14 16340 12 22 28 39 1337 7406 8617 32833 15 35 45 53 11279 40928 46038 58922
9 2898 12 9328 6 652 7 1570 10 9671 13 15395 12 22 28 39 1263 5333 8617 32833 15 34 43 50 11279 38346 45891 54614
10 3711 12 9693 6 658 7 1609 11 11233 13 15490 13 25 28 45 1337 8103 10207 57191 15 34 43 50 13150 38346 45891 54614
11 5077 13 9912 8 700 8 2004 12 12368 14 15564 15 27 36 51 1689 10321 31123 57191 19 35 43 55 13150 38346 45891 54614
11 4507 13 9364 7 700 7 1804 11 10687 15 17433 14 27 36 46 1652 10227 29867 41350 17 30 41 57 10786 27329 41524 54743
10 4198 12 9024 6 652 7 1564 12 10684 15 17301 13 27 36 46 1355 9345 29867 41350 17 28 43 57 9720 25776 38603 55687
11 4615 13 10134 7 679 8 1686 12 10970 16 18598 16 27 36 46 1777 11530 29867 41350 19 33 44 57 9720 33412 48934 57993
11 4319 14 11310 7 655 8 1686 11 9228 16 20219 17 27 33 41 1900 11573 27986 31432 19 37 47 62 9764 38766 52610 65462
11 4560 15 12920 7 652 8 1316 11 9668 18 22895 17 27 36 43 1900 13407 29819 31432 21 43 53 71 11684 49015 63000 78397
11 4552 14 12725 7 651 8 1708 11 9672 18 22497 17 27 36 43 1892 13407 29819 31432 22 41 53 71 13062 45629 63000 78397
10 3947 14 13419 6 620 6 1179 11 8012 18 23355 17 26 33 43 1776 13203 27986 30519 22 44 53 71 21815 50683 63000 78397
10 4275 14 13486 7 674 8 1446 10 8944 18 22999 17 28 30 37 1776 16784 25517 29569 21 44 48 64 20577 45629 60639 78397
10 4068 13 12211 6 558 6 1446 10 8974 16 20188 16 26 29 33 1638 16784 25517 29569 21 38 47 54 20577 44739 54751 66868
10 4081 13 12134 6 609 6 1547 10 8968 15 19804 16 25 29 33 1582 16784 25517 29569 21 37 47 54 20250 42889 54751 66868
9 3666 12 10707 5 528 6 1442 9 8589 15 18720 13 25 29 33 1296 14618 21998 29569 18 29 46 54 11143 32457 52907 66868
8 3429 11 8874 6 537 6 1423 8 8569 13 16784 11 21 29 31 1296 13669 25519 29569 15 27 38 46 6314 30904 42788 62455
8 3055 9 6912 5 528 6 811 7 8032 10 12453 11 19 26 29 1221 4882 17962 28446 15 23 29 40 5787 23673 31968 43533
8 3041 9 6206 6 539 6 802 7 8033 9 11885 9 19 26 29 965 4882 17962 28446 12 21 29 40 5264 21693 31516 43533
8 3012 9 5128 6 544 7 1084 7 7958 8 9173 9 18 25 29 1095 4815 17962 28446 13 21 27 32 5713 16543 23675 35910
7 2396 9 6630 6 542 7 941 7 7542 12 14434 9 16 25 29 935 2250 12988 29058 12 21 28 51 4664 18631 31755 62104
7 2499 10 7511 5 537 7 941 7 7649 13 16348 8 18 29 30 1050 2362 13188 29058 12 21 44 56 4664 18631 51058 68086
8 2744 11 9144 6 550 7 1519 7 7660 14 18794 10 18 29 30 1209 5829 13188 29058 13 33 47 58 5732 43623 56436 72064
9 3885 13 10842 6 612 7 1813 9 10429 16 20534 11 27 31 36 1735 6823 18861 40183 15 44 55 59 7130 46519 66455 74734
9 3481 13 11587 6 552 7 1824 9 10093 17 20992 11 27 31 36 1389 6407 13929 40183 15 44 55 59 8996 50900 66455 74734
9 3521 13 12169 6 580 7 1960 10 10087 17 21139 11 27 31 36 1603 6407 13929 40183 15 44 55 59 9191 50900 66455 74734
10 4753 14 12261 6 765 8 2372 11 11680 17 21057 15 29 34 40 2333 12993 20004 53684 15 44 55 59 9191 50900 66455 74734
