14 6858 17 12373 10 1911 12 3536 11 13374 16 19200 21 32 38 39 4174 27394 32729 57556 24 45 56 61 10861 45655 61102 67520
14 6180 18 14091 10 2007 12 4151 12 11580 17 20492 25 35 38 41 3619 15271 31715 44418 28 47 58 61 17520 49121 62711 67520
13 5276 17 13501 10 1988 11 3875 11 10748 17 20453 19 32 38 41 3445 9567 31537 42802 26 47 58 61 13253 49121 62711 67520
14 6187 18 13553 10 2041 12 4200 12 12550 17 20357 22 35 38 44 3507 13036 31715 57556 28 47 58 61 13238 49121 62711 67520
13 5917 16 11550 9 2010 10 3875 11 12217 16 18798 16 32 38 41 3507 10590 31715 57556 21 44 56 61 8419 45655 62711 67520
11 4167 13 9158 8 1873 8 2572 10 9882 14 15572 13 28 35 40 2564 5586 12992 42269 15 33 45 56 8072 24721 48204 63735
12 5859 13 8824 8 1912 8 3386 11 13549 13 14265 15 31 37 44 2595 9051 32931 61140 16 33 45 55 8418 24721 41477 59287
12 5404 14 9435 8 1957 9 4244 10 12278 13 14452 15 29 37 44 2595 9892 28991 61140 19 33 45 55 8487 27894 41477 59287
11 5326 13 8552 8 1891 9 4207 10 12298 12 12542 14 26 37 44 2564 9892 28991 61140 17 30 44 53 8487 22119 35000 53850
11 5804 13 7881 9 1901 9 4753 10 13218 11 9851 15 25 37 42 2657 10514 30193 61140 19 28 37 45 9578 18970 30598 37394
11 5903 12 7609 8 1901 9 3878 10 13204 11 9884 15 25 37 42 2742 10514 30193 61140 19 28 37 45 8711 18970 30598 37394
9 4892 11 7042 7 1706 7 2533 9 11488 11 10009 14 20 29 38 2591 9780 13787 57339 16 27 31 45 8124 18970 30598 37394
10 5783 11 7055 7 1804 8 2628 10 13135 11 9986 15 25 33 41 2742 10061 30193 60794 17 28 31 45 8073 18970 30598 37394
10 5827 12 7489 7 1746 7 2382 10 13137 12 11533 15 26 33 41 2820 10061 30193 60794 20 28 37 47 7987 22119 33149 45552
11 6169 13 9854 7 1620 7 2075 13 13818 17 19509 15 30 42 49 2970 10514 34880 62233 16 29 49 80 7987 22677 51973 91522
12 6654 14 10460 7 1853 7 2169 13 13916 18 20463 17 33 42 49 4092 14147 34880 62233 19 41 50 80 7481 33228 58175 91522
12 6863 14 10868 7 1912 7 2395 13 13946 18 20606 17 33 42 49 4624 14527 34880 62233 19 41 49 80 8476 33228 58416 91522
11 5975 13 10068 7 1783 7 2169 13 12825 18 20433 14 31 42 49 3297 14147 22451 62233 14 34 49 80 7359 24276 58416 91522
12 6944 14 10493 8 1925 7 2693 13 14238 18 20357 16 33 44 49 3876 14527 35200 62358 19 34 49 80 7941 24276 58416 91522
13 6981 15 11264 8 1967 8 3378 13 14225 18 20813 16 33 44 49 3876 14527 35200 62358 19 41 49 80 8476 34801 58416 91522
13 7249 16 12726 10 2022 10 3930 13 13459 18 21999 18 31 44 49 4828 17606 33793 62181 20 41 50 80 11206 37697 59948 91522
14 7334 17 13588 10 2223 11 4464 12 13425 18 22012 19 31 44 49 4828 17606 33793 62181 21 41 50 80 12349 43434 59948 91522
12 6132 14 10236 9 2200 10 3544 9 11037 13 15452 17 26 31 38 3314 14731 22277 45309 19 35 41 46 11051 34801 44960 58516
11 6517 13 8777 8 2102 10 3544 9 12004 12 13808 16 25 29 39 3265 17606 31750 51101 17 33 37 44 9974 16212 43372 55310
11 6539 13 7897 8 2179 8 3106 9 12004 12 13233 16 25 29 39 3393 17810 31750 51101 16 33 37 44 7639 15733 43367 47950
11 6493 13 7975 7 2084 8 2770 9 12022 12 13656 16 25 29 39 3370 17810 31750 51101 16 33 37 44 7421 16823 43367 47950
10 5879 12 8207 7 2023 8 2770 9 10641 12 13915 16 23 27 34 2961 17810 31444 38139 16 33 37 44 7043 23662 43367 47950
11 5912 13 7938 8 2158 8 2839 8 10627 11 12994 16 23 27 34 3092 17810 31444 38139 16 33 37 41 7043 17422 37780 44501
9 4716 11 6857 7 2078 7 2562 8 9606 9 10367 13 21 23 31 2484 9144 22278 36799 15 29 35 37 6265 16861 36520 43793
10 5571 11 6450 7 2005 8 2590 8 11246 9 8932 13 20 23 37 2752 14231 31444 47670 15 22 33 39 7518 16861 23247 37358
9 4506 11 7356 8 2146 8 2562 7 9100 10 11142 13 20 23 32 2612 4946 27037 36799 15 22 37 42 7206 17699 36574 44188
9 3451 12 8908 7 1976 8 2286 7 7271 10 13308 13 19 22 29 2377 4189 5860 28749 15 27 39 42 9162 33149 43460 48207
10 3602 12 9185 8 1993 9 2518 7 7747 10 13088 13 20 26 31 2419 3979 6318 31284 17 29 34 40 13033 33149 38828 47934
10 3667 13 9943 9 2124 10 2898 7 7744 10 14043 14 20 26 31 2545 4210 6318 31284 17 29 39 43 13317 33436 43460 54159
10 3347 13 10539 9 2149 10 3438 7 7070 11 14798 13 20 27 31 2545 3667 5177 28641 17 30 40 43 13477 35791 44268 54159
10 3320 12 10123 8 2091 9 2683 8 7078 11 14882 13 20 27 31 2598 3667 5177 28641 15 30 40 43 10950 35791 44268 54159
9 3283 12 9494 7 1993 7 2309 8 7095 11 14938 12 20 27 31 2598 3979 5177 28641 15 30 40 43 8075 35791 44268 54159
9 3330 11 8630 7 2005 7 2309 8 6996 11 14457 12 20 29 32 2671 4020 8252 21939 14 30 39 42 6036 34590 44268 54159
8 3182 10 7265 6 1873 6 2016 7 7029 10 13040 11 19 26 32 2483 3722 8252 21939 11 29 34 40 4758 23233 39328 51948
8 4149 9 5455 6 1861 6 1947 8 8529 10 10606 11 20 27 35 2800 8353 16047 32870 11 23 31 39 4197 11412 34541 43504
7 3738 8 4469 5 1784 5 1602 8 7980 9 9858 9 17 26 35 2495 5471 12469 32870 10 17 31 39 3726 7432 13005 43504
8 5386 8 3603 5 1810 5 1602 10 11964 9 7119 10 21 34 39 2998 11049 31616 57039 10 19 32 39 3889 7432 11275 23314
9 5805 8 3431 5 1763 5 1602 10 12301 9 6047 10 24 34 39 3056 12323 31616 57039 10 21 32 39 3465 8584 11275 17324
10 6686 11 5399 6 1810 5 1762 11 12966 11 10232 16 29 34 39 3888 14654 35260 57039 15 28 39 40 4947 11412 22771 43254
11 6926 12 6065 6 2056 7 1899 11 12943 11 11118 16 29 34 39 3888 14654 35260 57039 17 30 39 42 5655 12117 25709 45146
10 6342 11 5981 6 2098 7 2053 10 11969 11 11082 13 29 30 39 3514 14041 31616 50145 15 28 39 42 5387 11654 25709 45146
11 6424 11 6034 7 2184 8 2067 10 11935 11 11059 13 29 30 39 3514 14041 31616 50145 15 28 39 42 5387 11654 25709 45146
11 6349 11 5947 7 2184 7 2088 10 12683 11 11063 12 29 30 43 3451 12907 31007 59976 14 28 40 42 4603 12160 25709 45146
11 6469 12 6114 7 2145 7 2169 10 12671 11 11040 13 29 30 43 3451 12907 31007 59976 15 28 40 42 4947 12160 25709 45146
10 5466 11 5841 7 2064 7 2088 8 10747 10 11044 11 28 30 31 3344 11570 29047 48228 12 25 40 42 3990 12160 25709 45146
9 5322 10 4948 7 2064 7 2004 8 10401 9 9884 10 23 30 31 3385 10802 15307 48228 11 23 30 41 3954 9184 16137 43474
8 4457 8 2962 6 1937 6 1548 7 9422 7 5267 9 12 23 28 2976 9549 12847 39912 9 14 21 31 3125 5881 7285 11023
